28.87128339833392
28.915681432438483
28.929214212160364
28.873067718417303
28.87981278231073
28.88035490625901
28.874684796838856
28.866375331508312
28.881776673933246
28.931872729876982
28.863519307297413
28.902307426305665
28.892344483668477
28.878121135327742
28.831203510648926
28.877015617739797
28.913927197457355
28.842280685171648
28.881514423075988
28.869916501965903
28.86452830844552
28.884134647757268
28.905034080636884
28.863066433687205
28.905257468827273
28.91505914012287
28.872920886045335
28.83528890428856
28.881492196994067
28.90211876080611
28.80460533041627
28.88774371965932
28.918658330215024
28.915583608328923
28.8904455338242
28.835784090223886
28.83591055893437
28.88534620078376
28.90244849046323
28.80020915935877
28.930189234266948
28.914531061902636
28.915980312222167
28.910261127306956
28.872553999600225
28.86514316490428
28.802162746520832
28.8745438968663
28.91366600624068
28.834840493978206
