-6907.790240217817
-9429.54283878105
-6922.350928600412
-7692.139222827986
-7849.630813403688
-6678.556205084064
-5602.005825324145
-7009.481909175321
-5571.030584286333
-6397.841087121487
-6932.708698261689
-6894.800964914686
-7601.7766810057055
-8190.139304091934
-7822.412957058484
-6179.171785105997
-7014.173381898201
-5856.088268122826
-7438.26620652863
-6830.882997117526
-5704.1802261002695
-6494.357140608671
-6457.005816721053
-5751.452128451738
-9167.573426864385
-6818.40078986937
-6925.249049464578
-7968.389868672318
-8024.203816336064
-8239.909457292591
-6621.556740573447
-7606.997589831647
-6527.186885554566
-5323.912381621775
-9017.25155954834
-6631.447292310262
-6866.952962866998
-6547.716905574873
-5725.66210802285
-7681.65855902455
-6535.14194806722
-5925.10789224134
-6334.570415655232
-7344.448681138885
-7979.358201829394
-6553.250237027374
-7864.788346771074
-6139.033248409746
-8338.537837728461
-7168.330706563979
