[  0.77817444   0.38465477  40.31979246 200.        ]
5885.356935849314

[  0.77816864   0.38464917  40.31961876 200.        ]
5885.270261866906

[  0.77816864   0.38464916  40.31961872 200.        ]
5885.270242278928

[  0.77818807   0.38477183  40.32057736 199.98978684]
5885.703869961433

[  0.91695117   0.45325349  47.51032026 119.41267191]
6167.3231438657585

[  0.77816864   0.38464916  40.31961872 200.        ]
5885.2702422771845

[  0.77816941   0.38464954  40.31965839 199.99945356]
5885.271750500343

[ 1.25884699  0.62224872 65.22523261 10.        ]
7318.73597683277

[  0.77816864   0.38464916  40.31961872 200.        ]
5885.270242374528

[  0.77816864   0.38464916  40.31961872 200.        ]
5885.270242277189

[  0.77816865   0.38464917  40.31961894 200.        ]
5885.2703534317025

[  0.77829898   0.38664524  40.31964636 200.        ]
5891.989235397625

[ 1.25884699  0.62224872 65.22523261 10.        ]
7318.735976832777

[ 0.96657905  0.47778063 50.08181577 97.69739035]
6291.538184410075

[  0.77816864   0.38464916  40.31961872 200.        ]
5885.270242287757

[  0.77816872   0.38464922  40.31962207 200.        ]
5885.271524693508

[ 1.17231138  0.579471   60.73811532 30.83922534]
6957.907114767205

[  0.77927134   0.38545185  40.37652651 199.2093281 ]
5887.934966399738

[  0.77816864   0.38464916  40.31961872 200.        ]
5885.2702422774155

[  0.77816864   0.38464916  40.31961872 200.        ]
5885.270242339641

