1.9550830117784178e-261
2.8497965444972766e-262
1.0601688984990374e-248
3.4510996499540577e-252
1.3773076975663997e-242
1.2186028069796778e-259
5.121808037946602e-260
1.7011777844677394e-254
1.1701929991661343e-257
1.7318890337880076e-259
2.34804396016865e-267
2.757749946979479e-252
4.2086687384245944e-265
1.659223761594039e-256
9.50201093504489e-256
1.0904835039695446e-249
7.7159110361576e-252
6.402926014095587e-254
6.0383090953988954e-254
1.5647612369996214e-247
4.204067087545368e-263
2.076610307649589e-251
3.6824974033848485e-247
1.4781582200017227e-251
1.5956550644813443e-257
9.963962904585728e-254
1.875420389223183e-248
1.0424779604046827e-248
8.914551837994821e-254
2.66104189852053e-257
4.357012301206576e-253
3.632307436562015e-263
1.624085395696332e-258
3.761422936919972e-257
7.57882120918703e-253
8.993096929000275e-256
1.457599004643044e-254
9.845832646945828e-256
1.005660137521913e-256
4.267721553567563e-254
9.146670058295981e-248
2.1059881541880733e-252
3.928253617966207e-255
5.456089223996139e-250
3.477150444237595e-258
4.509541561729846e-255
5.471886902877981e-258
2.107562338482526e-255
1.7936260633752938e-256
8.121969472857395e-260
5.18221309569906e-294
2.0852788578183885e-296
