3.5474741224693654e-251
9.057303522229532e-255
4.8015740794900225e-262
1.9822437928011214e-253
1.1120504824597518e-248
4.446219025928008e-248
2.821427001204018e-253
2.3946087947753446e-249
2.264514958800922e-251
2.54373977397993e-243
2.235715521540698e-245
3.282665034339947e-260
3.270112646824098e-250
9.405011307420701e-247
5.99445291351598e-248
1.1859559764719382e-255
7.324664314822621e-250
2.6464169296579856e-253
3.4866502801576363e-252
4.1030465553374235e-262
2.0428541029844822e-257
2.059651070722319e-257
4.380563326143686e-248
8.383431410577046e-257
7.962876036917072e-252
1.3850588286296457e-258
1.1826202255265727e-257
1.6568363125982693e-250
1.405454096536037e-256
3.3001599402002697e-249
2.8430289703373864e-258
1.2351249157053062e-254
1.032514753443184e-248
7.352152409799105e-251
9.8462408910173e-252
3.553802343043047e-249
1.843580913324914e-249
1.7508726879103396e-254
4.412142090053253e-258
1.5057305215322117e-254
4.798801768238034e-258
7.073584319436934e-257
1.2606265601858682e-250
9.489375595765871e-253
3.503899951880155e-256
2.5563843075714324e-249
1.7651190625298294e-252
8.133932127063082e-261
2.3381016922758526e-255
9.179941548315154e-249
1.0140835086857403e-289
2.4916692247339427e-290
