28.965760508201214
28.930110494461402
28.952456536553083
28.974326129902092
28.948978508749782
28.918418875361674
28.96298003652739
28.97938697007341
28.90093630997446
28.972157331507912
28.908318476211072
28.95469820382187
28.950222957993027
28.862147901456627
28.963431366645324
28.910538674466725
28.96584028365255
28.933080148100142
28.893307446024156
28.9515187231877
28.92640100202287
28.908361146763678
28.943747866840567
28.915417737791902
28.930165315282295
28.974711792240388
28.908659424958635
28.964967186932263
28.967274133385185
28.95025441226199
28.9072965225201
28.900401849926418
28.95868313617145
28.93414520130569
28.943297210344426
28.89623148264316
28.877238563624566
28.92607929685494
28.909923972310686
28.95108688450984
28.973125296410007
28.942457592140073
28.96120165503229
28.93008071490179
28.945136688858533
28.966114060404134
28.92531121729859
28.9376634528251
28.982103674346764
28.950405445194516
28.908172298782556
28.841919479328563
