5.440773206901223e-09
2.1688826801475355e-09
1.7113328430932588e-09
1.4425227984120113e-09
1.3770865560724596e-09
9.096910513844611e-10
3.102769025632041e-10
6.776184855099053e-09
4.148127267068915e-11
2.4802054769219925e-09
4.729925147613407e-09
2.973477480361933e-10
1.3701489974327192e-10
1.2159184522388779e-09
5.131749496134017e-10
8.373323932398286e-10
1.1325381244157259e-09
4.205368230083245e-09
1.5412175654239172e-09
2.1767621892963603e-09
6.354194603058385e-10
1.6146657281888938e-09
2.81662851322634e-09
3.4832377954564125e-10
2.2797254970556644e-09
6.315025251882402e-10
4.847391069808291e-10
1.6275857882081285e-09
3.748719297723482e-09
1.1757424347028954e-09
1.5277996944087635e-08
3.1582199210640665e-09
6.166868182294914e-11
5.291301391096525e-10
5.23666847412265e-10
2.54163718639159e-10
8.57202530350786e-09
4.287367877604584e-11
3.4255212440035133e-09
5.185688208000297e-09
1.6290118692408976e-09
7.273073809253049e-10
3.999894032338522e-09
9.84763107602201e-10
2.692931844624555e-10
8.90135159143198e-10
5.257780844098594e-09
1.6072514342021935e-10
8.224522236137832e-10
4.861247983161877e-10
7.85528289015023e-10
1.8840935384030555e-10
