-4233.244712782324
-5328.610884319444
-4632.999419314097
-5023.879925205571
-4944.8653735478165
-5938.390655750633
-5408.000705523382
-4835.005517372395
-4973.973002815861
-5750.264035444797
-5124.191245498955
-6024.371945311751
-5108.140242911951
-5825.324995496312
-5553.033041222133
-5158.8444678037495
-4196.063978414302
-4864.088096198901
-4521.8558685591215
-6892.240373059945
-4861.061510364199
-4785.732219445298
-4321.197741870286
-4414.4189114387145
-4873.4982065377935
-5004.988660574572
-6518.711967938653
-5899.196677344435
-4986.19929005345
-5309.179969080282
-5924.780600167591
-4632.484964565734
-5370.265110556797
-4849.49077679708
-5438.272022857952
-5765.999917337668
-6029.8624219345875
-5418.520167958145
-4551.122424340326
-4925.493939221237
-4688.5472689716435
-5021.064039749437
-5375.505542514282
-4279.3958666752815
-5404.401709723819
-5315.564578897206
-5505.944470720315
-5700.155448721824
-4959.581162655497
-5399.6589553177455
-4988.790294536954
-7264.388927844205
