[  0.77817444   0.38465477  40.31979246 200.        ]
5885.356935849314

[  0.77816864   0.38464917  40.31961876 200.        ]
5885.270261866906

[  0.77816864   0.38464916  40.31961872 200.        ]
5885.270242278928

[  0.77818807   0.38477183  40.32057736 199.98978684]
5885.703869961433

[  0.91695117   0.45325349  47.51032026 119.41267191]
6167.3231438657585

[  0.77816864   0.38464916  40.31961872 200.        ]
5885.2702422771845

[  0.77816941   0.38464954  40.31965839 199.99945356]
5885.271750500343

[ 1.25884699  0.62224872 65.22523261 10.        ]
7318.73597683277

[  0.77816864   0.38464916  40.31961872 200.        ]
5885.270242374528

[  0.77816864   0.38464916  40.31961872 200.        ]
5885.270242277189

[  0.77816865   0.38464917  40.31961894 200.        ]
5885.2703534317025

[  0.77829898   0.38664524  40.31964636 200.        ]
5891.989235397625

[ 1.25884699  0.62224872 65.22523261 10.        ]
7318.735976832777

[ 0.96657905  0.47778063 50.08181577 97.69739035]
6291.538184410075

[  0.77816864   0.38464916  40.31961872 200.        ]
5885.270242287757

[  0.77816872   0.38464922  40.31962207 200.        ]
5885.271524693508

[ 1.17231138  0.579471   60.73811532 30.83922534]
6957.907114767205

[  0.77927134   0.38545185  40.37652651 199.2093281 ]
5887.934966399738

[  0.77816864   0.38464916  40.31961872 200.        ]
5885.2702422774155

[  0.77816864   0.38464916  40.31961872 200.        ]
5885.270242339641

[  0.78279835   0.38756466  40.55843072 196.70241233]
5895.2142661049975

[  0.77816864   0.38464916  40.31961872 200.        ]
5885.270242277186

[  0.77816864   0.38464916  40.31961872 200.        ]
5885.270242277185

[  0.87377017   0.4653899   45.16849124 141.9801882 ]
6203.193809523532

[  0.77844549   0.38484442  40.33058876 199.86407627]
5886.725213052006

[  0.77816864   0.38464916  40.31961872 200.        ]
5885.270242277313

[  0.77816865   0.38464917  40.31961873 200.        ]
5885.270308305403

[  0.78719723   0.3893197   40.78729301 193.64121992]
5902.625193260749

[  0.77816864   0.38464916  40.31961872 200.        ]
5885.2702422771845

[  0.77816864   0.38464916  40.31961872 200.        ]
5885.2702422771845

[  0.77816864   0.38464916  40.31961872 200.        ]
5885.270242277188

[  0.80936676   0.40103617  41.93595136 178.66062073]
5943.79594532702

[  0.77816864   0.38464916  40.31961873 200.        ]
5885.270242836804

[  0.77816864   0.38464916  40.31961872 200.        ]
5885.2702422771845

[  0.77816871   0.38464916  40.31961891 199.99999738]
5885.270755163567

[  0.77824032   0.38554789  40.32222535 200.        ]
5888.815495209137

[  0.90440844   0.44704878  46.86033357 125.38392041]
6137.939201115596

[  0.79173772   0.39166332  41.02262968 190.43983511]
5909.794685626625

[  0.77816864   0.38464916  40.31961872 200.        ]
5885.270242277211

[  0.77816868   0.38464918  40.31962051 199.99997521]
5885.2703018732245

